3 2
313 1
31312 1
3131212 1
313121213 1
31312121312 1
3131212131211 1
3131212131211111 2
313121213121111112 1
31312121312111111213 1
3131212131211111121313 1
313121213121111112131313 1
31312121312111111213131312 1
3131212131211111121313131211 1
313121213121111112131313121112 1
31312121312111111213131312111213 1
3131212131211111121313131211121312 1
313121213121111112131313121112131213 1
31312121312111111213131312111213121311 1
3131212131211111121313131211121312131111 1
1 3
12 1
123 1
1232 1
12322 1
123222 1
1232221 1
12322212 1
123222123 1
1232221232 1
12322212323 1
123222123232 1
1232221232323 1
12322212323232 1
123222123232321 1
1232221232323212 1
12322212323232123 1
123222123232321232 1
1232221232323212322 1
12322212323232123222 1
123222123232321232223 1
1232221232323212322232 1
12322212323232123222323 1
123222123232321232223232 1
1232221232323212322232321 1
12322212323232123222323212 1
123222123232321232223232121 1
1232221232323212322232321212 1
12322212323232123222323212123 1
123222123232321232223232121232 1
1232221232323212322232321212323 1
12322212323232123222323212123232 1
123222123232321232223232121232322 1
1232221232323212322232321212323222 1
12322212323232123222323212123232221 1
123222123232321232223232121232322212 1
1232221232323212322232321212323222123 1
12322212323232123222323212123232221232 1
123222123232321232223232121232322212322 1
2 1
222 1
2223 1
22232 1
222321 1
2223212 1
22232122 1
222321222 1
2223212222 1
22232122222 2
222321222223 1
2223212222232 1
22232122222323 1
222321222223232 1
2223212222232322 1
22232122222323222 1
222321222223232221 1
2223212222232322212 1
22232122222323222121 1
222321222223232221212 1
2223212222232322212121 1
22232122222323222121212 1
222321222223232221212121 1
2223212222232322212121212 1
22232122222323222121212121 1
222321222223232221212121212 1
2223212222232322212121212122 1
22232122222323222121212121222 1
222321222223232221212121212223 1
2223212222232322212121212122232 1
22232122222323222121212121222321 1
222321222223232221212121212223212 1
2223212222232322212121212122232123 1
22232122222323222121212121222321232 1
222321222223232221212121212223212323 1
2223212222232322212121212122232123232 1
22232122222323222121212121222321232323 1
222321222223232221212121212223212323232 1
123 1
12322 1
1232221 1
12322212 1
123222121 1
1232221212 1
12322212121 1
123222121212 1
1232221212123 1
12322212121232 1
123222121212323 1
1232221212123232 1
12322212121232323 1
123222121212323232 1
1232221212123232321 1
12322212121232323212 1
123222121212323232123 1
1232221212123232321232 1
12322212121232323212321 1
123222121212323232123212 1
1232221212123232321232122 1
12322212121232323212321222 1
123222121212323232123212223 1
1232221212123232321232122232 1
12322212121232323212321222323 1
123222121212323232123212223232 1
1232221212123232321232122232321 1
12322212121232323212321222323212 1
123222121212323232123212223232123 1
1232221212123232321232122232321232 1
12322212121232323212321222323212323 1
123222121212323232123212223232123232 1
1232221212123232321232122232321232321 1
12322212121232323212321222323212323212 1
123 2
12322 1
1232221 1
12322212 1
123222122 1
1232221222 1
12322212221 1
123222122212 1
1232221222123 1
12322212221232 1
123222122212322 1
1232221222123222 1
12322212221232223 1
123222122212322232 1
1232221222123222323 1
12322212221232223232 1
123222122212322232323 1
1232221222123222323232 1
12322212221232223232321 1
123222122212322232323212 1
1232221222123222323232121 1
12322212221232223232321212 1
123222122212322232323212121 1
1232221222123222323232121212 1
12322212221232223232321212122 1
123222122212322232323212121222 1
1232221222123222323232121212221 1
12322212221232223232321212122212 1
123222122212322232323212121222123 1
1232221222123222323232121212221232 1
12322212221232223232321212122212322 1
123222122212322232323212121222123222 1
1232221222123222323232121212221232223 1
12322212221232223232321212122212322232 1
3 1
32 1
322 1
3222 1
32221 1
322212 1
3222121 1
32221212 1
322212122 1
3222121222 1
32221212221 1
322212122212 1
3222121222122 1
32221212221222 1
322212122212223 1
3222121222122232 1
32221212221222323 1
322212122212223232 1
3222121222122232323 1
32221212221222323232 1
322212122212223232322 1
3222121222122232323222 1
32221212221222323232222 1
322212122212223232322222 1
3222121222122232323222221 1
32221212221222323232222212 1
322212122212223232322222123 1
3222121222122232323222221232 1
32221212221222323232222212322 1
322212122212223232322222123222 1
3222121222122232323222221232223 1
32221212221222323232222212322232 1
322212122212223232322222123222321 1
3222121222122232323222221232223212 1
32221212221222323232222212322232123 1
322212122212223232322222123222321232 1
3222121222122232323222221232223212323 1
32221212221222323232222212322232123232 1
2 1
22 1
221 1
2212 1
22122 1
221222 1
2212221 1
22122212 1
221222121 1
2212221212 1
22122212122 1
221222121222 1
2212221212222 1
