
3 1
312 1
31213 1
3121311 1
312131112 1
312131112113 1
31213111211322 1
3121311121132222 1
312131112113222222 1
312131112113222222221 1
31213111211322222222121 1
3121311121132222222212123 1
312131112113222222221212322 1
31213111211322222222121232221 1
3121311121132222222212123222123 1
312131112113222222221212322212323 1
31213111211322222222121232221232323 1
3121311121132222222212123222123232321 1
3 1
31213111211322222222121232221232323212322 1

32 1
321 1
3212 1
32121 1
3212122 1
32121223 1
321212232 1
3 1
32121223222 1
321212232222 1

313 1
31312 1
3131212 1